[38;2;66;95;160m[48;2;69;100;168m▀[38;2;65;94;158m[48;2;68;100;167m▀[38;2;64;94;158m[48;2;67;99;166m▀[38;2;64;93;157m[48;2;67;99;166m▀[38;2;62;92;155m[48;2;65;97;164m▀[38;2;62;92;156m[48;2;64;97;163m▀[38;2;61;91;155m[48;2;63;96;162m▀[38;2;60;90;156m[48;2;62;93;163m▀[38;2;58;89;154m[48;2;61;93;161m▀[38;2;58;88;153m[48;2;62;94;162m▀[38;2;58;88;153m[48;2;49;84;156m▀[38;2;57;88;153m[48;2;42;77;151m▀[38;2;57;85;152m[48;2;41;74;150m▀[38;2;57;85;151m[48;2;41;73;150m▀[38;2;56;83;150m[48;2;46;77;152m▀[38;2;53;80;148m[48;2;54;83;156m▀[38;2;51;79;147m[48;2;55;83;156m▀[38;2;51;79;147m[48;2;53;82;155m▀[38;2;50;78;146m[48;2;52;82;153m▀[38;2;50;78;146m[48;2;52;82;153m▀[38;2;49;77;145m[48;2;51;80;152m▀[38;2;49;76;146m[48;2;50;80;153m▀[0m
[38;2;69;100;168m[48;2;68;98;166m▀[38;2;68;99;166m[48;2;68;99;166m▀[38;2;67;98;165m[48;2;67;98;165m▀[38;2;66;97;164m[48;2;66;97;164m▀[38;2;65;96;163m[48;2;65;96;163m▀[38;2;64;96;162m[48;2;64;96;162m▀[38;2;63;95;161m[48;2;65;97;162m▀[38;2;63;94;161m[48;2;56;89;159m▀[38;2;57;89;160m[48;2;69;97;160m▀[38;2;48;81;152m[48;2;185;193;209m▀[38;2;105;127;174m[48;2;236;240;240m▀[38;2;159;171;197m[48;2;225;237;242m▀[38;2;163;174;199m[48;2;211;228;238m▀[38;2;143;157;188m[48;2;200;218;229m▀[38;2;102;121;170m[48;2;192;208;220m▀[38;2;57;84;151m[48;2;162;183;207m▀[38;2;45;74;149m[48;2;100;126;171m▀[38;2;52;81;154m[48;2;56;82;146m▀[38;2;54;83;153m[48;2;44;74;149m▀[38;2;51;80;151m[48;2;51;81;152m▀[38;2;50;80;151m[48;2;51;81;152m▀[38;2;50;79;152m[48;2;50;79;152m▀[0m
[38;2;66;95;164m[48;2;59;87;158m▀[38;2;67;97;164m[48;2;64;94;162m▀[38;2;67;98;165m[48;2;66;96;163m▀[38;2;66;97;164m[48;2;65;96;163m▀[38;2;65;96;163m[48;2;65;96;162m▀[38;2;65;97;162m[48;2;65;97;164m▀[38;2;60;93;163m[48;2;58;87;152m▀[38;2;70;98;158m[48;2;144;163;185m▀[38;2;194;203;213m[48;2;174;209;236m▀[38;2;198;220;235m[48;2;153;197;236m▀[38;2;154;194;229m[48;2;162;204;241m▀[38;2;149;193;233m[48;2;160;201;239m▀[38;2;149;194;235m[48;2;162;203;239m▀[38;2;150;195;235m[48;2;155;197;236m▀[38;2;155;199;238m[48;2;123;165;209m▀[38;2;163;204;240m[48;2;134;178;220m▀[38;2;164;201;232m[48;2;155;198;241m▀[38;2;138;166;196m[48;2;162;203;241m▀[38;2;96;118;161m[48;2;159;192;220m▀[38;2;47;75;147m[48;2;157;171;193m▀[38;2;46;76;151m[48;2;62;86;149m▀[38;2;52;81;152m[48;2;42;73;148m▀[0m
[38;2;57;85;157m[48;2;77;111;177m▀[38;2;61;91;160m[48;2;76;111;176m▀[38;2;67;97;164m[48;2;71;101;168m▀[38;2;69;100;167m[48;2;71;102;168m▀[38;2;69;100;166m[48;2;67;99;169m▀[38;2;58;89;158m[48;2;80;105;158m▀[38;2;111;134;169m[48;2;157;192;219m▀[38;2;164;203;231m[48;2;166;207;241m▀[38;2;157;199;236m[48;2;126;174;222m▀[38;2;140;182;222m[48;2;111;142;177m▀[38;2;149;193;235m[48;2;150;163;177m▀[38;2;162;204;240m[48;2;146;193;235m▀[38;2;166;206;240m[48;2;150;198;243m▀[38;2;123;173;224m[48;2;112;141;179m▀[38;2;138;140;150m[48;2;236;212;191m▀[38;2;161;164;170m[48;2;251;235;217m▀[38;2;93;138;189m[48;2;169;155;148m▀[38;2;143;188;232m[48;2;99;135;183m▀[38;2;156;198;238m[48;2;140;184;230m▀[38;2;147;183;218m[48;2;129;173;221m▀[38;2;190;199;212m[48;2;112;141;175m▀[38;2;71;93;150m[48;2;119;138;169m▀[0m
[38;2;79;116;182m[48;2;82;121;186m▀[38;2;83;124;188m[48;2;82;122;185m▀[38;2;72;104;170m[48;2;69;99;166m▀[38;2;65;95;162m[48;2;60;90;161m▀[38;2;62;92;158m[48;2;83;106;156m▀[38;2;134;160;187m[48;2;169;198;217m▀[38;2;173;212;240m[48;2;173;210;237m▀[38;2;147;190;231m[48;2;98;150;208m▀[38;2;87;131;183m[48;2;141;151;168m▀[38;2;156;153;154m[48;2;211;200;183m▀[38;2;249;236;212m[48;2;196;200;196m▀[38;2;183;201;212m[48;2;244;237;223m▀[38;2;119;153;190m[48;2;244;234;218m▀[38;2;196;179;169m[48;2;251;239;222m▀[38;2;195;190;181m[48;2;204;204;202m▀[38;2;165;170;170m[48;2;58;56;53m▀[38;2;215;205;193m[48;2;166;167;168m▀[38;2;185;178;178m[48;2;182;186;191m▀[38;2;76;122;182m[48;2;73;113;164m▀[38;2;138;173;209m[48;2;152;183;218m▀[38;2;115;155;197m[48;2;166;193;220m▀[38;2;183;194;207m[48;2;239;227;215m▀[0m
[38;2;77;113;178m[48;2;70;101;168m▀[38;2;74;107;174m[48;2;73;105;171m▀[38;2;68;97;164m[48;2;71;103;169m▀[38;2;58;89;159m[48;2;72;102;165m▀[38;2;128;149;181m[48;2;151;167;182m▀[38;2;180;214;233m[48;2;174;206;223m▀[38;2;151;192;227m[48;2;117;165;217m▀[38;2;84;129;186m[48;2;96;124;166m▀[38;2;193;185;180m[48;2;200;186;173m▀[38;2;186;190;188m[48;2;186;194;200m▀[38;2;82;83;83m[48;2;42;54;69m▀[38;2;214;211;203m[48;2;173;178;181m▀[38;2;254;249;234m[48;2;255;246;231m▀[38;2;252;241;228m[48;2;243;229;216m▀[38;2;220;216;211m[48;2;241;229;218m▀[38;2;54;73;95m[48;2;199;203;209m▀[38;2;164;173;183m[48;2;237;227;215m▀[38;2;193;201;208m[48;2;206;210;211m▀[38;2;87;134;185m[48;2;86;136;191m▀[38;2;102;152;206m[48;2;159;181;205m▀[38;2;199;202;206m[48;2;255;240;222m▀[38;2;248;230;214m[48;2;224;210;197m▀[0m
[38;2;69;101;169m[48;2;71;107;173m▀[38;2;73;106;172m[48;2;70;102;169m▀[38;2;75;109;173m[48;2;71;103;170m▀[38;2;73;107;173m[48;2;70;103;169m▀[38;2;80;107;160m[48;2;66;98;168m▀[38;2;92;122;167m[48;2;61;90;157m▀[38;2;78;123;183m[48;2;60;90;146m▀[38;2;73;109;159m[48;2;56;93;151m▀[38;2;183;183;179m[48;2;157;177;199m▀[38;2;223;222;219m[48;2;255;239;220m▀[38;2;169;185;204m[48;2;248;229;212m▀[38;2;221;219;215m[48;2;248;234;219m▀[38;2;252;239;224m[48;2;231;214;201m▀[38;2;243;232;221m[48;2;215;182;165m▀[38;2;245;232;221m[48;2;207;167;148m▀[38;2;250;233;217m[48;2;212;185;169m▀[38;2;248;223;198m[48;2;242;228;213m▀[38;2;176;186;195m[48;2;163;186;209m▀[38;2;77;127;187m[48;2;79;125;182m▀[38;2;177;166;165m[48;2;88;133;190m▀[38;2;232;177;139m[48;2;127;126;141m▀[38;2;229;186;159m[48;2;175;136;117m▀[0m
[38;2;73;111;176m[48;2;72;107;173m▀[38;2;71;106;171m[48;2;72;107;172m▀[38;2;68;100;167m[48;2;71;104;170m▀[38;2;67;99;166m[48;2;71;103;169m▀[38;2;68;99;165m[48;2;69;101;168m▀[38;2;68;99;167m[48;2;61;90;159m▀[38;2;56;82;145m[48;2;104;134;176m▀[38;2;116;154;198m[48;2;159;204;242m▀[38;2;130;164;200m[48;2;120;139;166m▀[38;2;237;220;203m[48;2;224;204;188m▀[38;2;243;227;213m[48;2;255;243;229m▀[38;2;225;211;199m[48;2;239;229;218m▀[38;2;190;150;133m[48;2;218;181;165m▀[38;2;217;163;142m[48;2;214;162;143m▀[38;2;212;158;137m[48;2;218;165;147m▀[38;2;212;161;140m[48;2;213;164;142m▀[38;2;211;206;200m[48;2;166;188;210m▀[38;2;155;191;224m[48;2;142;178;214m▀[38;2;107;132;166m[48;2;216;205;195m▀[38;2;78;131;197m[48;2;73;109;159m▀[38;2;72;123;189m[48;2;75;125;189m▀[38;2;50;88;146m[48;2;60;100;160m▀[0m
[38;2;71;107;172m[48;2;74;111;176m▀[38;2;73;109;173m[48;2;73;109;175m▀[38;2;73;107;172m[48;2;65;99;167m▀[38;2;69;103;170m[48;2;75;107;167m▀[38;2;65;95;162m[48;2;125;161;201m▀[38;2;105;139;182m[48;2;163;203;235m▀[38;2;165;205;236m[48;2;144;188;228m▀[38;2;129;167;211m[48;2;71;102;161m▀[38;2;62;99;159m[48;2;83;123;182m▀[38;2;102;135;178m[48;2;74;124;184m▀[38;2;217;213;207m[48;2;77;119;173m▀[38;2;255;247;229m[48;2;133;156;187m▀[38;2;253;236;221m[48;2;190;190;191m▀[38;2;230;194;177m[48;2;223;213;201m▀[38;2;222;180;160m[48;2;176;204;227m▀[38;2;180;187;199m[48;2;117;165;215m▀[38;2;122;168;215m[48;2;136;149;165m▀[38;2;163;172;182m[48;2;239;225;209m▀[38;2;250;219;196m[48;2;223;187;165m▀[38;2;174;145;134m[48;2;225;172;141m▀[38;2;64;98;149m[48;2;201;159;138m▀[38;2;44;91;156m[48;2;135;126;135m▀[0m
[38;2;76;117;182m[48;2;91;131;186m▀[38;2;71;109;172m[48;2;144;185;223m▀[38;2;105;140;191m[48;2;158;200;237m▀[38;2;150;190;226m[48;2;128;166;203m▀[38;2;158;196;228m[48;2;153;194;232m▀[38;2;149;192;232m[48;2;88;127;181m▀[38;2;76;112;170m[48;2;58;90;160m▀[38;2;74;102;164m[48;2;104;138;188m▀[38;2;124;166;211m[48;2;145;186;224m▀[38;2;83;129;187m[48;2;85;131;189m▀[38;2;80;125;185m[48;2;77;120;181m▀[38;2;62;114;183m[48;2;77;119;176m▀[38;2;79;111;154m[48;2;140;179;218m▀[38;2;154;180;207m[48;2;132;176;221m▀[38;2;125;171;221m[48;2;148;167;189m▀[38;2;115;135;160m[48;2;185;190;196m▀[38;2;233;220;206m[48;2;248;234;220m▀[38;2;245;231;218m[48;2;224;187;163m▀[38;2;218;173;147m[48;2;215;163;134m▀[38;2;215;167;140m[48;2;216;166;137m▀[38;2;220;171;142m[48;2;223;167;132m▀[38;2;234;177;138m[48;2;182;146;130m▀[0m
[38;2;161;202;237m[48;2;105;147;197m▀[38;2;138;180;223m[48;2;65;101;164m▀[38;2;79;114;167m[48;2;100;135;181m▀[38;2;139;176;210m[48;2;147;190;227m▀[38;2;111;152;200m[48;2;73;110;169m▀[38;2;64;97;164m[48;2;64;98;164m▀[38;2;71;103;165m[48;2;124;159;202m▀[38;2;143;183;221m[48;2;137;179;218m▀[38;2;135;175;214m[48;2;124;162;200m▀[38;2;105;152;207m[48;2;104;148;198m▀[38;2;88;116;159m[48;2;167;174;182m▀[38;2;125;151;177m[48;2;157;187;213m▀[38;2;142;185;230m[48;2;125;168;214m▀[38;2;161;183;210m[48;2;228;230;231m▀[38;2;230;234;235m[48;2;245;250;253m▀[38;2;175;175;178m[48;2;164;148;144m▀[38;2;230;196;172m[48;2;217;160;126m▀[38;2;212;158;128m[48;2;211;157;125m▀[38;2;216;162;131m[48;2;215;155;118m▀[38;2;218;160;124m[48;2;123;115;129m▀[38;2;124;120;132m[48;2;54;103;169m▀[38;2;79;119;172m[48;2;108;150;198m▀[0m
[38;2;77;117;179m[48;2;81;119;185m▀[38;2;72;108;171m[48;2;83;119;177m▀[38;2;140;179;217m[48;2;153;193;228m▀[38;2;116;158;205m[48;2;85;123;179m▀[38;2;59;93;158m[48;2;99;134;185m▀[38;2;107;143;190m[48;2;162;205;240m▀[38;2;153;196;234m[48;2;90;130;182m▀[38;2;98;135;181m[48;2;107;144;192m▀[38;2;117;161;209m[48;2;149;180;211m▀[38;2;168;188;213m[48;2;255;255;254m▀[38;2;216;219;221m[48;2;167;179;191m▀[38;2;143;172;200m[48;2;211;218;223m▀[38;2;147;188;230m[48;2;173;199;224m▀[38;2;140;173;209m[48;2;128;172;218m▀[38;2;208;220;232m[48;2;206;218;232m▀[38;2;172;153;148m[48;2;165;169;179m▀[38;2;219;152;112m[48;2;157;113;93m▀[38;2;212;149;109m[48;2;135;127;131m▀[38;2;111;99;113m[48;2;67;94;149m▀[38;2;55;97;167m[48;2;72;115;178m▀[38;2;79;122;177m[48;2;92;132;180m▀[38;2;127;165;206m[48;2;140;175;214m▀[0m
[38;2;72;111;180m[48;2;99;130;177m▀[38;2;95;130;182m[48;2;124;164;208m▀[38;2;150;193;228m[48;2;117;158;200m▀[38;2;110;147;190m[48;2;132;172;208m▀[38;2;164;205;241m[48;2;96;139;192m▀[38;2;100;141;193m[48;2;53;89;158m▀[38;2;87;118;173m[48;2;105;146;199m▀[38;2;115;161;212m[48;2;114;154;201m▀[38;2;152;178;206m[48;2;184;195;207m▀[38;2;239;245;250m[48;2;215;231;245m▀[38;2;204;210;215m[48;2;250;250;248m▀[38;2;220;230;238m[48;2;160;190;216m▀[38;2;153;187;223m[48;2;155;199;239m▀[38;2;130;170;213m[48;2;112;157;206m▀[38;2;224;229;235m[48;2;170;186;206m▀[38;2;197;213;230m[48;2;225;236;247m▀[38;2;122;149;182m[48;2;198;222;249m▀[38;2;145;167;200m[48;2;131;152;190m▀[38;2;72;103;164m[48;2;72;116;178m▀[38;2;75;121;183m[48;2;76;114;172m▀[38;2;104;137;182m[48;2;116;148;191m▀[38;2;144;182;217m[48;2;133;172;211m▀[0m
[38;2;214;221;219m[48;2;203;196;188m▀[38;2;156;198;234m[48;2;144;183;218m▀[38;2;109;151;198m[48;2;144;188;232m▀[38;2;113;146;182m[48;2;132;161;193m▀[38;2;118;139;172m[48;2;253;244;229m▀[38;2;149;165;195m[48;2;255;251;233m▀[38;2;178;192;209m[48;2;255;249;235m▀[38;2;210;213;215m[48;2;255;243;229m▀[38;2;242;234;225m[48;2;229;217;209m▀[38;2;247;250;251m[48;2;255;255;255m▀[38;2;255;255;255m[48;2;246;250;254m▀[38;2;188;207;226m[48;2;227;234;239m▀[38;2;130;170;213m[48;2;214;220;225m▀[38;2;181;196;214m[48;2;250;248;246m▀[38;2;246;246;247m[48;2;254;253;252m▀[38;2;225;234;246m[48;2;220;232;246m▀[38;2;182;203;231m[48;2;151;178;212m▀[38;2;92;125;174m[48;2;112;156;203m▀[38;2;101;146;201m[48;2;101;135;188m▀[38;2;74;101;157m[48;2;76;107;165m▀[38;2;135;170;210m[48;2;147;184;219m▀[38;2;114;154;200m[48;2;102;146;195m▀[0m
[38;2;146;170;192m[48;2;135;182;227m▀[38;2;146;184;217m[48;2;88;124;168m▀[38;2;167;211;250m[48;2;95;130;173m▀[38;2;123;150;183m[48;2;70;104;153m▀[38;2;205;191;183m[48;2;81;124;178m▀[38;2;247;243;242m[48;2;149;191;222m▀[38;2;244;231;221m[48;2;143;164;189m▀[38;2;212;181;163m[48;2;162;165;175m▀[38;2;226;220;217m[48;2;209;221;231m▀[38;2;206;225;242m[48;2;206;216;225m▀[38;2;185;203;223m[48;2;222;229;234m▀[38;2;199;212;225m[48;2;225;232;239m▀[38;2;226;234;241m[48;2;236;241;248m▀[38;2;244;248;251m[48;2;243;247;250m▀[38;2;234;241;248m[48;2;196;216;238m▀[38;2;189;211;236m[48;2;175;201;228m▀[38;2;155;187;220m[48;2;132;167;204m▀[38;2;122;161;208m[48;2;73;111;174m▀[38;2;60;95;162m[48;2;79;113;172m▀[38;2;119;155;200m[48;2;133;172;215m▀[38;2;138;176;213m[48;2;106;147;197m▀[38;2;95;139;192m[48;2;106;148;195m▀[0m
[38;2;89;125;174m[48;2;232;235;240m▀[38;2;72;113;178m[48;2;191;203;222m▀[38;2;70;111;178m[48;2;122;151;194m▀[38;2;80;126;189m[48;2;137;163;199m▀[38;2;92;134;192m[48;2;232;237;242m▀[38;2;156;181;207m[48;2;255;255;255m▀[38;2;212;224;232m[48;2;255;255;255m▀[38;2;251;254;254m[48;2;254;254;255m▀[38;2;255;254;253m[48;2;254;254;255m▀[38;2;255;255;255m[48;2;254;254;254m▀[38;2;255;255;255m[48;2;255;255;255m▀[38;2;255;255;255m[48;2;255;255;255m▀[38;2;255;255;255m[48;2;254;255;255m▀[38;2;245;249;252m[48;2;246;249;251m▀[38;2;202;218;234m[48;2;200;221;243m▀[38;2;154;176;201m[48;2;149;172;200m▀[38;2;77;116;174m[48;2;66;101;164m▀[38;2;69;105;169m[48;2;97;134;186m▀[38;2;107;147;195m[48;2;94;140;197m▀[38;2;90;134;191m[48;2;106;146;196m▀[38;2;106;146;197m[48;2;129;167;208m▀[38;2;114;155;199m[48;2;98;143;200m▀[0m
[38;2;255;255;255m[48;2;253;253;254m▀[38;2;255;255;255m[48;2;253;253;254m▀[38;2;255;255;252m[48;2;255;255;255m▀[38;2;248;247;244m[48;2;255;255;255m▀[38;2;254;254;254m[48;2;255;255;255m▀[38;2;252;253;254m[48;2;255;255;255m▀[38;2;254;253;254m[48;2;249;251;252m▀[38;2;255;255;255m[48;2;227;239;248m▀[38;2;255;255;255m[48;2;187;216;241m▀[38;2;254;254;254m[48;2;160;194;226m▀[38;2;231;238;246m[48;2;183;201;222m▀[38;2;215;224;233m[48;2;226;231;237m▀[38;2;227;231;234m[48;2;249;251;252m▀[38;2;249;249;249m[48;2;255;255;255m▀[38;2;216;232;248m[48;2;225;236;247m▀[38;2;154;179;210m[48;2;180;204;231m▀[38;2;89;124;174m[48;2;133;166;200m▀[38;2;99;145;199m[48;2;98;144;196m▀[38;2;106;145;193m[48;2;123;157;197m▀[38;2;138;173;214m[48;2;120;160;203m▀[38;2;117;159;207m[48;2;90;141;199m▀[38;2;81;128;190m[48;2;136;162;185m▀[0m
[38;2;255;255;255m[48;2;209;224;241m▀[38;2;250;252;253m[48;2;196;216;240m▀[38;2;243;247;251m[48;2;190;211;239m▀[38;2;236;242;249m[48;2;185;208;236m▀[38;2;232;241;248m[48;2;181;210;239m▀[38;2;214;231;245m[48;2;180;211;243m▀[38;2;182;214;242m[48;2;164;199;230m▀[38;2;151;193;231m[48;2;194;213;229m▀[38;2;165;197;225m[48;2;255;254;252m▀[38;2;225;234;240m[48;2;255;255;255m▀[38;2;255;255;255m[48;2;253;253;254m▀[38;2;255;255;255m[48;2;253;253;253m▀[38;2;253;255;255m[48;2;253;255;255m▀[38;2;255;255;255m[48;2;255;255;255m▀[38;2;237;243;249m[48;2;245;249;252m▀[38;2;188;214;241m[48;2;196;221;246m▀[38;2;155;185;217m[48;2;158;190;225m▀[38;2;95;143;198m[48;2;81;128;183m▀[38;2;97;139;193m[48;2;108;154;204m▀[38;2;118;158;203m[48;2;132;173;213m▀[38;2;97;145;204m[48;2;89;138;199m▀[38;2;100;135;160m[48;2;135;157;187m▀[0m